[0.000007s] A=39 K=65 i=1.56e+02) 13 11 9 7 5 3 1 12 11 13 10 9 11 8 7 9 6 5 7 4 3 5 2 1 3 0 1 10 9 11 8 7 9 6 5 7 4 3 5 2 1 3 6 5 7 4 3 5 8 7 9 6 5 7 10 9 11 8 7 9 12 11 13 10 9 11 8 7 9 6 5 7 4 3 5 2 1 3 4 3 5 6 5 7 12 11 13 10 9 11 8 7 9 6 5 7 4 3 5 10 9 11 8 7 9
[0.000432s] A=39 K=65 i=2.25e+02) 13 11 9 7 5 3 1 12 11 13 10 9 11 8 7 9 6 5 7 4 3 5 2 1 3 0 1 10 9 11 8 7 9 6 5 7 4 3 5 2 1 3 6 5 7 8 7 9 12 11 13 10 9 11 8 7 9 6 5 7 4 3 5 2 1 3 6 5 7 4 3 5 12 11 13 10 9 11 8 7 9 6 5 7 4 3 5 10 9 11 8 7 9 6 5 7 12 11 13 10 9 11 8 7 9
[0.000663s] A=39 K=65 i=5.83e+02) 13 11 9 7 5 3 1 12 11 13 10 9 11 8 7 9 6 5 7 4 3 5 2 1 3 0 1 8 7 9 6 5 7 4 3 5 10 9 11 8 7 9 6 5 7 4 3 5 2 1 3 12 11 13 10 9 11 8 7 9 6 5 7 4 3 5 2 1 3 6 5 7 10 9 11 8 7 9 12 11 13 10 9 11 8 7 9 6 5 7 4 3 5 6 5 7 8 7 9 12 11 13 10 9 11
[0.000842s] A=39 K=65 i=8.04e+02) 13 11 9 7 5 3 1 12 11 13 10 9 11 8 7 9 6 5 7 4 3 5 2 1 3 0 1 6 5 7 4 3 5 2 1 3 8 7 9 6 5 7 4 3 5 10 9 11 8 7 9 6 5 7 4 3 5 2 1 3 10 9 11 8 7 9 12 11 13 10 9 11 8 7 9 6 5 7 4 3 5 2 1 3 6 5 7 8 7 9 12 11 13 10 9 11 8 7 9 6 5 7 4 3 5
[0.001085s] A=39 K=65 i=9.79e+02) 13 11 9 7 5 3 1 12 11 13 10 9 11 8 7 9 6 5 7 4 3 5 2 1 3 0 1 6 5 7 4 3 5 10 9 11 8 7 9 6 5 7 4 3 5 2 1 3 8 7 9 10 9 11 12 11 13 10 9 11 8 7 9 6 5 7 4 3 5 2 1 3 6 5 7 4 3 5 8 7 9 6 5 7 10 9 11 8 7 9 12 11 13 10 9 11 8 7 9 6 5 7 4 3 5
[0.001310s] A=39 K=65 i=1.444e+03) 13 11 9 7 5 3 1 12 11 13 10 9 11 8 7 9 6 5 7 4 3 5 2 1 3 0 1 4 3 5 2 1 3 6 5 7 8 7 9 10 9 11 8 7 9 6 5 7 4 3 5 2 1 3 6 5 7 4 3 5 8 7 9 12 11 13 10 9 11 8 7 9 6 5 7 4 3 5 2 1 3 12 11 13 10 9 11 8 7 9 6 5 7 4 3 5 10 9 11 8 7 9 6 5 7
[0.001525s] A=39 K=65 i=1.599e+03) 13 11 9 7 5 3 1 12 11 13 10 9 11 8 7 9 6 5 7 4 3 5 2 1 3 0 1 4 3 5 8 7 9 6 5 7 10 9 11 8 7 9 6 5 7 4 3 5 2 1 3 4 3 5 6 5 7 10 9 11 8 7 9 12 11 13 10 9 11 8 7 9 6 5 7 4 3 5 2 1 3 12 11 13 10 9 11 8 7 9 6 5 7 4 3 5 6 5 7 8 7 9 10 9 11
[0.001686s] A=39 K=65 i=1.791e+03) 13 11 9 7 5 3 1 12 11 13 10 9 11 8 7 9 6 5 7 4 3 5 2 1 3 0 1 4 3 5 6 5 7 8 7 9 10 9 11 8 7 9 6 5 7 4 3 5 2 1 3 12 11 13 10 9 11 8 7 9 6 5 7 4 3 5 2 1 3 6 5 7 4 3 5 8 7 9 10 9 11 12 11 13 10 9 11 8 7 9 6 5 7 4 3 5 8 7 9 6 5 7 10 9 11
[0.001860s] A=39 K=65 i=2.021e+03) 13 11 9 7 5 3 1 10 9 11 8 7 9 6 5 7 4 3 5 2 1 3 12 11 13 10 9 11 8 7 9 6 5 7 4 3 5 2 1 3 0 1 8 7 9 6 5 7 4 3 5 10 9 11 8 7 9 6 5 7 12 11 13 10 9 11 8 7 9 6 5 7 4 3 5 2 1 3 4 3 5 6 5 7 12 11 13 10 9 11 8 7 9 6 5 7 10 9 11 8 7 9 12 11 13
[0.002010s] A=39 K=65 i=2.096e+03) 13 11 9 7 5 3 1 10 9 11 8 7 9 6 5 7 4 3 5 2 1 3 12 11 13 10 9 11 8 7 9 6 5 7 4 3 5 2 1 3 0 1 8 7 9 6 5 7 12 11 13 10 9 11 8 7 9 6 5 7 4 3 5 2 1 3 4 3 5 6 5 7 10 9 11 8 7 9 6 5 7 4 3 5 12 11 13 10 9 11 8 7 9 6 5 7 12 11 13 10 9 11 8 7 9
[0.002180s] A=39 K=65 i=2.284e+03) 13 11 9 7 5 3 1 10 9 11 8 7 9 6 5 7 4 3 5 2 1 3 8 7 9 6 5 7 4 3 5 12 11 13 10 9 11 8 7 9 6 5 7 4 3 5 2 1 3 0 1 12 11 13 10 9 11 8 7 9 6 5 7 4 3 5 2 1 3 10 9 11 8 7 9 6 5 7 4 3 5 6 5 7 8 7 9 12 11 13 10 9 11 8 7 9 6 5 7 12 11 13 10 9 11
[0.002330s] A=39 K=65 i=2.466e+03) 13 11 9 7 5 3 1 10 9 11 8 7 9 6 5 7 4 3 5 2 1 3 8 7 9 6 5 7 4 3 5 10 9 11 12 11 13 10 9 11 8 7 9 6 5 7 4 3 5 2 1 3 0 1 8 7 9 6 5 7 10 9 11 12 11 13 10 9 11 8 7 9 6 5 7 4 3 5 2 1 3 4 3 5 6 5 7 8 7 9 6 5 7 10 9 11 8 7 9 12 11 13 10 9 11
[0.002501s] A=39 K=65 i=2.843e+03) 13 11 9 7 5 3 1 10 9 11 8 7 9 6 5 7 4 3 5 2 1 3 6 5 7 4 3 5 8 7 9 6 5 7 10 9 11 8 7 9 12 11 13 10 9 11 8 7 9 6 5 7 4 3 5 2 1 3 0 1 4 3 5 6 5 7 12 11 13 10 9 11 8 7 9 6 5 7 4 3 5 2 1 3 4 3 5 10 9 11 8 7 9 6 5 7 8 7 9 10 9 11 12 11 13
[0.002648s] A=39 K=65 i=2.997e+03) 13 11 9 7 5 3 1 10 9 11 8 7 9 6 5 7 4 3 5 2 1 3 6 5 7 8 7 9 12 11 13 10 9 11 8 7 9 6 5 7 4 3 5 2 1 3 0 1 6 5 7 4 3 5 12 11 13 10 9 11 8 7 9 6 5 7 4 3 5 2 1 3 10 9 11 8 7 9 6 5 7 4 3 5 12 11 13 10 9 11 8 7 9 6 5 7 8 7 9 10 9 11 12 11 13
[0.002806s] A=39 K=65 i=3.189e+03) 13 11 9 7 5 3 1 10 9 11 8 7 9 6 5 7 4 3 5 2 1 3 4 3 5 8 7 9 6 5 7 12 11 13 10 9 11 8 7 9 6 5 7 4 3 5 2 1 3 0 1 4 3 5 10 9 11 8 7 9 6 5 7 12 11 13 10 9 11 8 7 9 6 5 7 4 3 5 2 1 3 4 3 5 6 5 7 8 7 9 10 9 11 12 11 13 10 9 11 8 7 9 6 5 7
[0.002959s] A=39 K=65 i=3.41e+03) 13 11 9 7 5 3 1 10 9 11 8 7 9 6 5 7 4 3 5 2 1 3 4 3 5 6 5 7 8 7 9 12 11 13 10 9 11 8 7 9 6 5 7 4 3 5 2 1 3 0 1 12 11 13 10 9 11 8 7 9 6 5 7 4 3 5 2 1 3 6 5 7 4 3 5 10 9 11 8 7 9 6 5 7 4 3 5 8 7 9 10 9 11 12 11 13 10 9 11 8 7 9 6 5 7
[0.003122s] A=39 K=65 i=3.809e+03) 13 11 9 7 5 3 1 10 9 11 8 7 9 6 5 7 12 11 13 10 9 11 8 7 9 6 5 7 4 3 5 2 1 3 0 1 4 3 5 2 1 3 6 5 7 8 7 9 6 5 7 4 3 5 10 9 11 12 11 13 10 9 11 8 7 9 6 5 7 4 3 5 2 1 3 8 7 9 6 5 7 4 3 5 10 9 11 12 11 13 10 9 11 8 7 9 6 5 7 8 7 9 10 9 11
[0.003281s] A=39 K=65 i=4.034e+03) 13 11 9 7 5 3 1 10 9 11 8 7 9 12 11 13 10 9 11 8 7 9 6 5 7 4 3 5 2 1 3 0 1 6 5 7 4 3 5 2 1 3 8 7 9 6 5 7 4 3 5 8 7 9 10 9 11 12 11 13 10 9 11 8 7 9 6 5 7 4 3 5 2 1 3 8 7 9 6 5 7 4 3 5 6 5 7 10 9 11 8 7 9 12 11 13 10 9 11 8 7 9 6 5 7
[0.003432s] A=39 K=65 i=4.745e+03) 13 11 9 7 5 3 1 8 7 9 6 5 7 4 3 5 2 1 3 10 9 11 8 7 9 6 5 7 4 3 5 6 5 7 10 9 11 8 7 9 12 11 13 10 9 11 8 7 9 6 5 7 4 3 5 2 1 3 0 1 2 1 3 6 5 7 4 3 5 12 11 13 10 9 11 8 7 9 6 5 7 4 3 5 2 1 3 8 7 9 6 5 7 10 9 11 8 7 9 12 11 13 10 9 11
[0.003579s] A=39 K=65 i=4.909e+03) 13 11 9 7 5 3 1 8 7 9 6 5 7 4 3 5 2 1 3 10 9 11 8 7 9 6 5 7 4 3 5 6 5 7 8 7 9 10 9 11 12 11 13 10 9 11 8 7 9 6 5 7 4 3 5 2 1 3 0 1 2 1 3 4 3 5 6 5 7 8 7 9 6 5 7 4 3 5 10 9 11 12 11 13 10 9 11 8 7 9 6 5 7 4 3 5 2 1 3 8 7 9 10 9 11
[0.003878s] A=39 K=65 i=5.055e+03) 13 11 9 7 5 3 1 8 7 9 6 5 7 4 3 5 2 1 3 10 9 11 12 11 13 10 9 11 8 7 9 6 5 7 4 3 5 2 1 3 0 1 8 7 9 6 5 7 4 3 5 2 1 3 10 9 11 8 7 9 6 5 7 4 3 5 6 5 7 10 9 11 8 7 9 12 11 13 10 9 11 8 7 9 6 5 7 4 3 5 2 1 3 6 5 7 12 11 13 10 9 11 8 7 9
[0.004148s] A=39 K=65 i=5.349e+03) 13 11 9 7 5 3 1 8 7 9 6 5 7 4 3 5 2 1 3 6 5 7 4 3 5 10 9 11 8 7 9 6 5 7 10 9 11 8 7 9 12 11 13 10 9 11 8 7 9 6 5 7 4 3 5 2 1 3 0 1 4 3 5 2 1 3 6 5 7 4 3 5 8 7 9 6 5 7 12 11 13 10 9 11 8 7 9 6 5 7 4 3 5 2 1 3 10 9 11 8 7 9 12 11 13
[0.004299s] A=39 K=65 i=5.73e+03) 13 11 9 7 5 3 1 8 7 9 6 5 7 4 3 5 2 1 3 6 5 7 4 3 5 8 7 9 10 9 11 8 7 9 6 5 7 12 11 13 10 9 11 8 7 9 6 5 7 4 3 5 2 1 3 0 1 4 3 5 2 1 3 6 5 7 10 9 11 8 7 9 6 5 7 4 3 5 12 11 13 10 9 11 8 7 9 6 5 7 4 3 5 2 1 3 8 7 9 10 9 11 12 11 13
[0.004449s] A=39 K=65 i=5.975e+03) 13 11 9 7 5 3 1 8 7 9 6 5 7 4 3 5 2 1 3 6 5 7 10 9 11 8 7 9 12 11 13 10 9 11 8 7 9 6 5 7 4 3 5 2 1 3 0 1 6 5 7 4 3 5 2 1 3 4 3 5 8 7 9 6 5 7 10 9 11 8 7 9 6 5 7 4 3 5 12 11 13 10 9 11 8 7 9 6 5 7 4 3 5 2 1 3 12 11 13 10 9 11 8 7 9
[0.004597s] A=39 K=65 i=6.342e+03) 13 11 9 7 5 3 1 8 7 9 6 5 7 4 3 5 2 1 3 4 3 5 6 5 7 10 9 11 8 7 9 6 5 7 4 3 5 10 9 11 8 7 9 12 11 13 10 9 11 8 7 9 6 5 7 4 3 5 2 1 3 0 1 2 1 3 4 3 5 6 5 7 4 3 5 8 7 9 6 5 7 10 9 11 8 7 9 12 11 13 10 9 11 8 7 9 6 5 7 4 3 5 2 1 3
[0.004748s] A=39 K=65 i=6.733e+03) 13 11 9 7 5 3 1 8 7 9 6 5 7 4 3 5 2 1 3 4 3 5 6 5 7 8 7 9 10 9 11 12 11 13 10 9 11 8 7 9 6 5 7 4 3 5 2 1 3 0 1 8 7 9 6 5 7 4 3 5 2 1 3 4 3 5 6 5 7 10 9 11 8 7 9 6 5 7 4 3 5 10 9 11 8 7 9 12 11 13 10 9 11 8 7 9 6 5 7 4 3 5 2 1 3
[0.004975s] A=39 K=65 i=7.066e+03) 13 11 9 7 5 3 1 8 7 9 6 5 7 4 3 5 10 9 11 8 7 9 6 5 7 4 3 5 2 1 3 12 11 13 10 9 11 8 7 9 6 5 7 4 3 5 2 1 3 0 1 6 5 7 10 9 11 8 7 9 12 11 13 10 9 11 8 7 9 6 5 7 4 3 5 2 1 3 6 5 7 4 3 5 8 7 9 6 5 7 12 11 13 10 9 11 8 7 9 10 9 11 12 11 13
[0.005190s] A=39 K=65 i=7.274e+03) 13 11 9 7 5 3 1 8 7 9 6 5 7 4 3 5 10 9 11 8 7 9 6 5 7 12 11 13 10 9 11 8 7 9 6 5 7 4 3 5 2 1 3 0 1 4 3 5 2 1 3 6 5 7 12 11 13 10 9 11 8 7 9 6 5 7 4 3 5 2 1 3 10 9 11 8 7 9 6 5 7 4 3 5 8 7 9 6 5 7 12 11 13 10 9 11 8 7 9 12 11 13 10 9 11
[0.005343s] A=39 K=65 i=7.949e+03) 13 11 9 7 5 3 1 8 7 9 6 5 7 12 11 13 10 9 11 8 7 9 6 5 7 4 3 5 2 1 3 0 1 4 3 5 6 5 7 10 9 11 8 7 9 6 5 7 4 3 5 2 1 3 12 11 13 10 9 11 8 7 9 6 5 7 4 3 5 2 1 3 12 11 13 10 9 11 8 7 9 6 5 7 4 3 5 8 7 9 6 5 7 10 9 11 8 7 9 12 11 13 10 9 11
[0.005491s] A=39 K=65 i=8.159e+03) 13 11 9 7 5 3 1 8 7 9 6 5 7 10 9 11 8 7 9 6 5 7 4 3 5 2 1 3 4 3 5 6 5 7 12 11 13 10 9 11 8 7 9 6 5 7 4 3 5 2 1 3 0 1 10 9 11 8 7 9 12 11 13 10 9 11 8 7 9 6 5 7 4 3 5 2 1 3 6 5 7 4 3 5 8 7 9 6 5 7 8 7 9 10 9 11 12 11 13 10 9 11 8 7 9
[0.005637s] A=39 K=65 i=8.38e+03) 13 11 9 7 5 3 1 8 7 9 6 5 7 10 9 11 12 11 13 10 9 11 8 7 9 6 5 7 4 3 5 2 1 3 0 1 4 3 5 2 1 3 6 5 7 8 7 9 6 5 7 4 3 5 2 1 3 10 9 11 8 7 9 6 5 7 4 3 5 12 11 13 10 9 11 8 7 9 6 5 7 4 3 5 2 1 3 10 9 11 8 7 9 6 5 7 12 11 13 10 9 11 8 7 9
[0.005790s] A=39 K=65 i=8.698e+03) 13 11 9 7 5 3 1 8 7 9 10 9 11 12 11 13 10 9 11 8 7 9 6 5 7 4 3 5 2 1 3 0 1 8 7 9 6 5 7 4 3 5 2 1 3 6 5 7 4 3 5 8 7 9 10 9 11 8 7 9 6 5 7 12 11 13 10 9 11 8 7 9 6 5 7 4 3 5 2 1 3 4 3 5 6 5 7 10 9 11 8 7 9 6 5 7 12 11 13 10 9 11 8 7 9
[0.005938s] A=39 K=65 i=8.961e+03) 13 11 9 7 5 3 1 6 5 7 4 3 5 2 1 3 12 11 13 10 9 11 8 7 9 6 5 7 4 3 5 2 1 3 0 1 10 9 11 8 7 9 6 5 7 4 3 5 2 1 3 8 7 9 6 5 7 4 3 5 10 9 11 12 11 13 10 9 11 8 7 9 6 5 7 4 3 5 2 1 3 8 7 9 6 5 7 10 9 11 12 11 13 10 9 11 8 7 9 6 5 7 4 3 5
[0.006090s] A=39 K=65 i=9.78e+03) 13 11 9 7 5 3 1 6 5 7 4 3 5 2 1 3 8 7 9 6 5 7 4 3 5 2 1 3 10 9 11 8 7 9 6 5 7 4 3 5 8 7 9 10 9 11 12 11 13 10 9 11 8 7 9 6 5 7 4 3 5 2 1 3 0 1 2 1 3 8 7 9 6 5 7 4 3 5 6 5 7 8 7 9 10 9 11 12 11 13 10 9 11 8 7 9 6 5 7 4 3 5 2 1 3
[0.006237s] A=39 K=65 i=1.0022e+04) 13 11 9 7 5 3 1 6 5 7 4 3 5 2 1 3 8 7 9 6 5 7 4 3 5 12 11 13 10 9 11 8 7 9 6 5 7 4 3 5 2 1 3 0 1 10 9 11 8 7 9 6 5 7 4 3 5 2 1 3 12 11 13 10 9 11 8 7 9 6 5 7 4 3 5 2 1 3 8 7 9 6 5 7 12 11 13 10 9 11 8 7 9 6 5 7 4 3 5 10 9 11 12 11 13
[0.006385s] A=39 K=65 i=1.0262e+04) 13 11 9 7 5 3 1 6 5 7 4 3 5 2 1 3 8 7 9 6 5 7 4 3 5 10 9 11 8 7 9 6 5 7 4 3 5 2 1 3 10 9 11 8 7 9 12 11 13 10 9 11 8 7 9 6 5 7 4 3 5 2 1 3 0 1 6 5 7 8 7 9 12 11 13 10 9 11 8 7 9 6 5 7 4 3 5 2 1 3 4 3 5 6 5 7 8 7 9 10 9 11 12 11 13
[0.006534s] A=39 K=65 i=1.0813e+04) 13 11 9 7 5 3 1 6 5 7 4 3 5 2 1 3 8 7 9 6 5 7 4 3 5 8 7 9 10 9 11 12 11 13 10 9 11 8 7 9 6 5 7 4 3 5 2 1 3 0 1 8 7 9 6 5 7 4 3 5 2 1 3 6 5 7 10 9 11 8 7 9 12 11 13 10 9 11 8 7 9 6 5 7 4 3 5 2 1 3 6 5 7 4 3 5 8 7 9 10 9 11 12 11 13
[0.006681s] A=39 K=65 i=1.1111e+04) 13 11 9 7 5 3 1 6 5 7 4 3 5 2 1 3 8 7 9 12 11 13 10 9 11 8 7 9 6 5 7 4 3 5 2 1 3 0 1 6 5 7 4 3 5 8 7 9 10 9 11 8 7 9 6 5 7 4 3 5 2 1 3 12 11 13 10 9 11 8 7 9 6 5 7 4 3 5 2 1 3 6 5 7 8 7 9 10 9 11 12 11 13 10 9 11 8 7 9 6 5 7 4 3 5
[0.006828s] A=39 K=65 i=1.1429e+04) 13 11 9 7 5 3 1 6 5 7 4 3 5 2 1 3 8 7 9 10 9 11 8 7 9 6 5 7 4 3 5 6 5 7 8 7 9 12 11 13 10 9 11 8 7 9 6 5 7 4 3 5 2 1 3 0 1 2 1 3 4 3 5 6 5 7 12 11 13 10 9 11 8 7 9 6 5 7 4 3 5 2 1 3 10 9 11 8 7 9 6 5 7 4 3 5 8 7 9 12 11 13 10 9 11
[0.006975s] A=39 K=65 i=1.1781e+04) 13 11 9 7 5 3 1 6 5 7 4 3 5 2 1 3 4 3 5 8 7 9 6 5 7 10 9 11 8 7 9 6 5 7 4 3 5 12 11 13 10 9 11 8 7 9 6 5 7 4 3 5 2 1 3 0 1 2 1 3 4 3 5 12 11 13 10 9 11 8 7 9 6 5 7 4 3 5 2 1 3 8 7 9 6 5 7 10 9 11 8 7 9 6 5 7 4 3 5 12 11 13 10 9 11
[0.007122s] A=39 K=65 i=1.1989e+04) 13 11 9 7 5 3 1 6 5 7 4 3 5 2 1 3 4 3 5 8 7 9 6 5 7 8 7 9 10 9 11 12 11 13 10 9 11 8 7 9 6 5 7 4 3 5 2 1 3 0 1 8 7 9 6 5 7 4 3 5 2 1 3 4 3 5 6 5 7 8 7 9 10 9 11 12 11 13 10 9 11 8 7 9 6 5 7 4 3 5 2 1 3 8 7 9 6 5 7 4 3 5 10 9 11
[0.007269s] A=39 K=65 i=1.2235e+04) 13 11 9 7 5 3 1 6 5 7 4 3 5 2 1 3 4 3 5 6 5 7 8 7 9 6 5 7 10 9 11 8 7 9 12 11 13 10 9 11 8 7 9 6 5 7 4 3 5 2 1 3 0 1 6 5 7 4 3 5 2 1 3 4 3 5 6 5 7 8 7 9 6 5 7 10 9 11 8 7 9 12 11 13 10 9 11 8 7 9 6 5 7 4 3 5 2 1 3 6 5 7 4 3 5
[0.007416s] A=39 K=65 i=1.2632e+04) 13 11 9 7 5 3 1 6 5 7 4 3 5 12 11 13 10 9 11 8 7 9 6 5 7 4 3 5 2 1 3 0 1 10 9 11 8 7 9 6 5 7 4 3 5 2 1 3 12 11 13 10 9 11 8 7 9 6 5 7 4 3 5 2 1 3 8 7 9 6 5 7 4 3 5 10 9 11 8 7 9 6 5 7 12 11 13 10 9 11 8 7 9 6 5 7 4 3 5 12 11 13 10 9 11
[0.007564s] A=39 K=65 i=1.2929e+04) 13 11 9 7 5 3 1 6 5 7 4 3 5 10 9 11 8 7 9 6 5 7 4 3 5 2 1 3 8 7 9 10 9 11 12 11 13 10 9 11 8 7 9 6 5 7 4 3 5 2 1 3 0 1 6 5 7 4 3 5 8 7 9 6 5 7 10 9 11 8 7 9 12 11 13 10 9 11 8 7 9 6 5 7 4 3 5 2 1 3 4 3 5 6 5 7 8 7 9 10 9 11 12 11 13
[0.007712s] A=39 K=65 i=1.3431e+04) 13 11 9 7 5 3 1 6 5 7 4 3 5 8 7 9 6 5 7 4 3 5 2 1 3 10 9 11 8 7 9 12 11 13 10 9 11 8 7 9 6 5 7 4 3 5 2 1 3 0 1 6 5 7 4 3 5 2 1 3 8 7 9 10 9 11 8 7 9 6 5 7 4 3 5 6 5 7 8 7 9 12 11 13 10 9 11 8 7 9 6 5 7 4 3 5 2 1 3 12 11 13 10 9 11
[0.007860s] A=39 K=65 i=1.3818e+04) 13 11 9 7 5 3 1 6 5 7 4 3 5 8 7 9 6 5 7 10 9 11 8 7 9 12 11 13 10 9 11 8 7 9 6 5 7 4 3 5 2 1 3 0 1 4 3 5 2 1 3 6 5 7 4 3 5 2 1 3 8 7 9 6 5 7 10 9 11 8 7 9 6 5 7 4 3 5 12 11 13 10 9 11 8 7 9 6 5 7 4 3 5 2 1 3 8 7 9 12 11 13 10 9 11
[0.008009s] A=39 K=65 i=1.4238e+04) 13 11 9 7 5 3 1 6 5 7 4 3 5 8 7 9 10 9 11 8 7 9 6 5 7 4 3 5 2 1 3 12 11 13 10 9 11 8 7 9 6 5 7 4 3 5 2 1 3 0 1 6 5 7 8 7 9 10 9 11 12 11 13 10 9 11 8 7 9 6 5 7 4 3 5 2 1 3 4 3 5 6 5 7 8 7 9 6 5 7 4 3 5 10 9 11 8 7 9 12 11 13 10 9 11
[0.008157s] A=39 K=65 i=1.4496e+04) 13 11 9 7 5 3 1 6 5 7 4 3 5 8 7 9 10 9 11 12 11 13 10 9 11 8 7 9 6 5 7 4 3 5 2 1 3 0 1 8 7 9 6 5 7 4 3 5 2 1 3 6 5 7 4 3 5 10 9 11 8 7 9 6 5 7 10 9 11 8 7 9 12 11 13 10 9 11 8 7 9 6 5 7 4 3 5 2 1 3 4 3 5 6 5 7 8 7 9 12 11 13 10 9 11
[0.008303s] A=39 K=65 i=1.4688e+04) 13 11 9 7 5 3 1 6 5 7 10 9 11 8 7 9 12 11 13 10 9 11 8 7 9 6 5 7 4 3 5 2 1 3 0 1 6 5 7 4 3 5 2 1 3 8 7 9 6 5 7 4 3 5 12 11 13 10 9 11 8 7 9 6 5 7 4 3 5 2 1 3 10 9 11 8 7 9 6 5 7 4 3 5 12 11 13 10 9 11 8 7 9 6 5 7 8 7 9 12 11 13 10 9 11
[0.008450s] A=39 K=65 i=1.4951e+04) 13 11 9 7 5 3 1 6 5 7 8 7 9 12 11 13 10 9 11 8 7 9 6 5 7 4 3 5 2 1 3 0 1 4 3 5 2 1 3 6 5 7 4 3 5 8 7 9 6 5 7 10 9 11 8 7 9 6 5 7 4 3 5 2 1 3 12 11 13 10 9 11 8 7 9 6 5 7 4 3 5 2 1 3 12 11 13 10 9 11 8 7 9 6 5 7 4 3 5 8 7 9 10 9 11
[0.008598s] A=39 K=65 i=1.5199e+04) 13 11 9 7 5 3 1 6 5 7 8 7 9 10 9 11 8 7 9 6 5 7 4 3 5 2 1 3 6 5 7 4 3 5 12 11 13 10 9 11 8 7 9 6 5 7 4 3 5 2 1 3 0 1 8 7 9 10 9 11 12 11 13 10 9 11 8 7 9 6 5 7 4 3 5 2 1 3 8 7 9 6 5 7 4 3 5 6 5 7 8 7 9 10 9 11 8 7 9 12 11 13 10 9 11
[0.008750s] A=39 K=65 i=1.5742e+04) 13 11 9 7 5 3 1 6 5 7 8 7 9 10 9 11 12 11 13 10 9 11 8 7 9 6 5 7 4 3 5 2 1 3 0 1 4 3 5 6 5 7 8 7 9 6 5 7 4 3 5 2 1 3 4 3 5 10 9 11 8 7 9 6 5 7 12 11 13 10 9 11 8 7 9 6 5 7 4 3 5 2 1 3 4 3 5 10 9 11 8 7 9 6 5 7 8 7 9 12 11 13 10 9 11
[0.008934s] A=39 K=65 i=1.6009e+04) 13 11 9 7 5 3 1 4 3 5 2 1 3 12 11 13 10 9 11 8 7 9 6 5 7 4 3 5 2 1 3 0 1 6 5 7 8 7 9 10 9 11 8 7 9 6 5 7 4 3 5 2 1 3 6 5 7 4 3 5 12 11 13 10 9 11 8 7 9 6 5 7 4 3 5 2 1 3 8 7 9 10 9 11 12 11 13 10 9 11 8 7 9 6 5 7 4 3 5 8 7 9 6 5 7
[0.009096s] A=39 K=65 i=1.6152e+04) 13 11 9 7 5 3 1 4 3 5 2 1 3 10 9 11 8 7 9 6 5 7 4 3 5 2 1 3 8 7 9 6 5 7 4 3 5 10 9 11 8 7 9 6 5 7 12 11 13 10 9 11 8 7 9 6 5 7 4 3 5 2 1 3 0 1 12 11 13 10 9 11 8 7 9 6 5 7 4 3 5 2 1 3 4 3 5 6 5 7 8 7 9 10 9 11 8 7 9 6 5 7 12 11 13
[0.009248s] A=39 K=65 i=1.6378e+04) 13 11 9 7 5 3 1 4 3 5 2 1 3 10 9 11 8 7 9 6 5 7 4 3 5 8 7 9 6 5 7 12 11 13 10 9 11 8 7 9 6 5 7 4 3 5 2 1 3 0 1 2 1 3 4 3 5 6 5 7 10 9 11 8 7 9 12 11 13 10 9 11 8 7 9 6 5 7 4 3 5 2 1 3 6 5 7 4 3 5 8 7 9 12 11 13 10 9 11 8 7 9 6 5 7
[0.009427s] A=39 K=65 i=1.6711e+04) 13 11 9 7 5 3 1 4 3 5 2 1 3 8 7 9 6 5 7 4 3 5 2 1 3 6 5 7 8 7 9 10 9 11 8 7 9 6 5 7 4 3 5 12 11 13 10 9 11 8 7 9 6 5 7 4 3 5 2 1 3 0 1 2 1 3 4 3 5 6 5 7 8 7 9 10 9 11 8 7 9 6 5 7 4 3 5 12 11 13 10 9 11 8 7 9 6 5 7 4 3 5 2 1 3
[0.009648s] A=39 K=65 i=1.7533e+04) 13 11 9 7 5 3 1 4 3 5 2 1 3 6 5 7 4 3 5 2 1 3 8 7 9 6 5 7 10 9 11 8 7 9 6 5 7 4 3 5 12 11 13 10 9 11 8 7 9 6 5 7 4 3 5 2 1 3 0 1 2 1 3 4 3 5 8 7 9 6 5 7 12 11 13 10 9 11 8 7 9 6 5 7 4 3 5 2 1 3 10 9 11 8 7 9 6 5 7 4 3 5 12 11 13
[0.009816s] A=39 K=65 i=1.7841e+04) 13 11 9 7 5 3 1 4 3 5 2 1 3 6 5 7 4 3 5 10 9 11 8 7 9 6 5 7 8 7 9 10 9 11 12 11 13 10 9 11 8 7 9 6 5 7 4 3 5 2 1 3 0 1 4 3 5 2 1 3 6 5 7 4 3 5 8 7 9 6 5 7 8 7 9 10 9 11 12 11 13 10 9 11 8 7 9 6 5 7 4 3 5 2 1 3 4 3 5 8 7 9 6 5 7
[0.009974s] A=39 K=65 i=1.8136e+04) 13 11 9 7 5 3 1 4 3 5 2 1 3 6 5 7 4 3 5 8 7 9 6 5 7 12 11 13 10 9 11 8 7 9 6 5 7 4 3 5 2 1 3 0 1 2 1 3 4 3 5 10 9 11 8 7 9 6 5 7 4 3 5 2 1 3 8 7 9 6 5 7 12 11 13 10 9 11 8 7 9 6 5 7 4 3 5 2 1 3 12 11 13 10 9 11 8 7 9 6 5 7 4 3 5
[0.010133s] A=39 K=65 i=1.8263e+04) 13 11 9 7 5 3 1 4 3 5 2 1 3 6 5 7 4 3 5 8 7 9 6 5 7 10 9 11 8 7 9 6 5 7 4 3 5 2 1 3 12 11 13 10 9 11 8 7 9 6 5 7 4 3 5 2 1 3 0 1 12 11 13 10 9 11 8 7 9 6 5 7 4 3 5 2 1 3 4 3 5 8 7 9 6 5 7 10 9 11 8 7 9 6 5 7 4 3 5 10 9 11 12 11 13
[0.010289s] A=39 K=65 i=1.8625e+04) 13 11 9 7 5 3 1 4 3 5 2 1 3 6 5 7 4 3 5 8 7 9 6 5 7 8 7 9 10 9 11 12 11 13 10 9 11 8 7 9 6 5 7 4 3 5 2 1 3 0 1 4 3 5 2 1 3 8 7 9 6 5 7 4 3 5 2 1 3 6 5 7 8 7 9 10 9 11 8 7 9 6 5 7 4 3 5 12 11 13 10 9 11 8 7 9 6 5 7 4 3 5 2 1 3
[0.010446s] A=39 K=65 i=1.898e+04) 13 11 9 7 5 3 1 4 3 5 2 1 3 6 5 7 4 3 5 6 5 7 8 7 9 10 9 11 8 7 9 6 5 7 12 11 13 10 9 11 8 7 9 6 5 7 4 3 5 2 1 3 0 1 4 3 5 2 1 3 6 5 7 4 3 5 6 5 7 8 7 9 10 9 11 8 7 9 6 5 7 12 11 13 10 9 11 8 7 9 6 5 7 4 3 5 2 1 3 4 3 5 6 5 7
[0.010602s] A=39 K=65 i=1.9133e+04) 13 11 9 7 5 3 1 4 3 5 2 1 3 6 5 7 12 11 13 10 9 11 8 7 9 6 5 7 4 3 5 2 1 3 0 1 10 9 11 8 7 9 6 5 7 4 3 5 2 1 3 8 7 9 6 5 7 4 3 5 12 11 13 10 9 11 8 7 9 6 5 7 4 3 5 2 1 3 12 11 13 10 9 11 8 7 9 6 5 7 4 3 5 10 9 11 8 7 9 6 5 7 12 11 13
[0.010761s] A=39 K=65 i=1.9434e+04) 13 11 9 7 5 3 1 4 3 5 2 1 3 6 5 7 10 9 11 8 7 9 6 5 7 4 3 5 12 11 13 10 9 11 8 7 9 6 5 7 4 3 5 2 1 3 0 1 2 1 3 4 3 5 8 7 9 6 5 7 4 3 5 10 9 11 8 7 9 6 5 7 12 11 13 10 9 11 8 7 9 6 5 7 4 3 5 2 1 3 4 3 5 12 11 13 10 9 11 8 7 9 6 5 7
[0.010924s] A=39 K=65 i=1.9707e+04) 13 11 9 7 5 3 1 4 3 5 2 1 3 6 5 7 8 7 9 6 5 7 4 3 5 2 1 3 10 9 11 8 7 9 6 5 7 4 3 5 12 11 13 10 9 11 8 7 9 6 5 7 4 3 5 2 1 3 0 1 2 1 3 10 9 11 8 7 9 6 5 7 4 3 5 12 11 13 10 9 11 8 7 9 6 5 7 4 3 5 2 1 3 8 7 9 6 5 7 10 9 11 12 11 13
[0.011096s] A=39 K=65 i=2.0076e+04) 13 11 9 7 5 3 1 4 3 5 2 1 3 6 5 7 8 7 9 6 5 7 4 3 5 10 9 11 12 11 13 10 9 11 8 7 9 6 5 7 4 3 5 2 1 3 0 1 8 7 9 6 5 7 4 3 5 2 1 3 10 9 11 12 11 13 10 9 11 8 7 9 6 5 7 4 3 5 2 1 3 8 7 9 6 5 7 4 3 5 10 9 11 8 7 9 6 5 7 10 9 11 12 11 13
[0.011393s] A=39 K=65 i=2.0422e+04) 13 11 9 7 5 3 1 4 3 5 2 1 3 6 5 7 8 7 9 10 9 11 8 7 9 6 5 7 4 3 5 2 1 3 6 5 7 4 3 5 8 7 9 12 11 13 10 9 11 8 7 9 6 5 7 4 3 5 2 1 3 0 1 12 11 13 10 9 11 8 7 9 6 5 7 4 3 5 2 1 3 10 9 11 8 7 9 6 5 7 4 3 5 6 5 7 8 7 9 10 9 11 12 11 13
[0.011552s] A=39 K=65 i=2.0641e+04) 13 11 9 7 5 3 1 4 3 5 2 1 3 6 5 7 8 7 9 10 9 11 12 11 13 10 9 11 8 7 9 6 5 7 4 3 5 2 1 3 0 1 6 5 7 4 3 5 8 7 9 6 5 7 4 3 5 2 1 3 10 9 11 8 7 9 12 11 13 10 9 11 8 7 9 6 5 7 4 3 5 2 1 3 6 5 7 4 3 5 8 7 9 10 9 11 8 7 9 6 5 7 12 11 13
[0.011718s] A=39 K=65 i=2.0803e+04) 13 11 9 7 5 3 1 4 3 5 10 9 11 8 7 9 6 5 7 12 11 13 10 9 11 8 7 9 6 5 7 4 3 5 2 1 3 0 1 4 3 5 2 1 3 6 5 7 8 7 9 10 9 11 12 11 13 10 9 11 8 7 9 6 5 7 4 3 5 2 1 3 6 5 7 4 3 5 8 7 9 6 5 7 4 3 5 10 9 11 8 7 9 12 11 13 10 9 11 8 7 9 6 5 7
[0.011866s] A=39 K=65 i=2.1174e+04) 13 11 9 7 5 3 1 4 3 5 8 7 9 6 5 7 10 9 11 8 7 9 6 5 7 4 3 5 2 1 3 4 3 5 6 5 7 10 9 11 8 7 9 12 11 13 10 9 11 8 7 9 6 5 7 4 3 5 2 1 3 0 1 12 11 13 10 9 11 8 7 9 6 5 7 4 3 5 2 1 3 6 5 7 4 3 5 8 7 9 6 5 7 10 9 11 8 7 9 10 9 11 12 11 13
[0.012015s] A=39 K=65 i=2.1507e+04) 13 11 9 7 5 3 1 4 3 5 6 5 7 12 11 13 10 9 11 8 7 9 6 5 7 4 3 5 2 1 3 0 1 4 3 5 2 1 3 10 9 11 8 7 9 6 5 7 4 3 5 2 1 3 8 7 9 6 5 7 4 3 5 10 9 11 8 7 9 6 5 7 12 11 13 10 9 11 8 7 9 6 5 7 4 3 5 2 1 3 12 11 13 10 9 11 8 7 9 6 5 7 4 3 5
[0.012161s] A=39 K=65 i=2.1711e+04) 13 11 9 7 5 3 1 4 3 5 6 5 7 10 9 11 8 7 9 6 5 7 4 3 5 2 1 3 12 11 13 10 9 11 8 7 9 6 5 7 4 3 5 2 1 3 0 1 12 11 13 10 9 11 8 7 9 6 5 7 4 3 5 2 1 3 8 7 9 6 5 7 4 3 5 10 9 11 8 7 9 6 5 7 4 3 5 12 11 13 10 9 11 8 7 9 6 5 7 10 9 11 12 11 13
[0.012312s] A=39 K=65 i=2.2199e+04) 13 11 9 7 5 3 1 4 3 5 6 5 7 8 7 9 6 5 7 4 3 5 2 1 3 4 3 5 10 9 11 8 7 9 6 5 7 12 11 13 10 9 11 8 7 9 6 5 7 4 3 5 2 1 3 0 1 4 3 5 2 1 3 10 9 11 8 7 9 6 5 7 4 3 5 8 7 9 6 5 7 12 11 13 10 9 11 8 7 9 6 5 7 4 3 5 2 1 3 10 9 11 12 11 13
[0.012461s] A=39 K=65 i=2.2768e+04) 13 11 9 7 5 3 1 4 3 5 6 5 7 8 7 9 10 9 11 8 7 9 6 5 7 4 3 5 2 1 3 12 11 13 10 9 11 8 7 9 6 5 7 4 3 5 2 1 3 0 1 6 5 7 4 3 5 8 7 9 10 9 11 12 11 13 10 9 11 8 7 9 6 5 7 4 3 5 2 1 3 8 7 9 6 5 7 4 3 5 6 5 7 10 9 11 8 7 9 10 9 11 12 11 13
[0.012610s] A=39 K=65 i=2.3356e+04) 13 11 9 7 5 3 1 2 1 3 10 9 11 8 7 9 6 5 7 4 3 5 12 11 13 10 9 11 8 7 9 6 5 7 4 3 5 2 1 3 0 1 2 1 3 8 7 9 6 5 7 4 3 5 6 5 7 10 9 11 8 7 9 12 11 13 10 9 11 8 7 9 6 5 7 4 3 5 2 1 3 6 5 7 4 3 5 12 11 13 10 9 11 8 7 9 6 5 7 10 9 11 8 7 9
[0.012760s] A=39 K=65 i=2.387e+04) 13 11 9 7 5 3 1 2 1 3 8 7 9 6 5 7 4 3 5 10 9 11 8 7 9 6 5 7 4 3 5 2 1 3 12 11 13 10 9 11 8 7 9 6 5 7 4 3 5 2 1 3 0 1 10 9 11 8 7 9 6 5 7 12 11 13 10 9 11 8 7 9 6 5 7 4 3 5 2 1 3 4 3 5 6 5 7 8 7 9 6 5 7 10 9 11 12 11 13 10 9 11 8 7 9
[0.012933s] A=39 K=65 i=2.42e+04) 13 11 9 7 5 3 1 2 1 3 8 7 9 6 5 7 4 3 5 6 5 7 10 9 11 8 7 9 12 11 13 10 9 11 8 7 9 6 5 7 4 3 5 2 1 3 0 1 6 5 7 4 3 5 2 1 3 12 11 13 10 9 11 8 7 9 6 5 7 4 3 5 2 1 3 10 9 11 8 7 9 6 5 7 4 3 5 8 7 9 6 5 7 10 9 11 12 11 13 10 9 11 8 7 9
[0.013161s] A=39 K=65 i=2.4448e+04) 13 11 9 7 5 3 1 2 1 3 8 7 9 6 5 7 4 3 5 6 5 7 8 7 9 10 9 11 12 11 13 10 9 11 8 7 9 6 5 7 4 3 5 2 1 3 0 1 2 1 3 4 3 5 6 5 7 8 7 9 6 5 7 4 3 5 2 1 3 10 9 11 8 7 9 6 5 7 4 3 5 12 11 13 10 9 11 8 7 9 6 5 7 4 3 5 2 1 3 10 9 11 8 7 9
[0.013323s] A=39 K=65 i=2.4807e+04) 13 11 9 7 5 3 1 2 1 3 6 5 7 4 3 5 12 11 13 10 9 11 8 7 9 6 5 7 4 3 5 2 1 3 0 1 2 1 3 8 7 9 6 5 7 4 3 5 10 9 11 8 7 9 6 5 7 4 3 5 2 1 3 12 11 13 10 9 11 8 7 9 6 5 7 4 3 5 2 1 3 10 9 11 8 7 9 6 5 7 12 11 13 10 9 11 8 7 9 6 5 7 4 3 5
[0.013486s] A=39 K=65 i=2.5421e+04) 13 11 9 7 5 3 1 2 1 3 6 5 7 4 3 5 8 7 9 6 5 7 4 3 5 2 1 3 8 7 9 10 9 11 12 11 13 10 9 11 8 7 9 6 5 7 4 3 5 2 1 3 0 1 8 7 9 6 5 7 4 3 5 2 1 3 10 9 11 8 7 9 6 5 7 4 3 5 6 5 7 8 7 9 10 9 11 12 11 13 10 9 11 8 7 9 6 5 7 4 3 5 2 1 3
[0.013637s] A=39 K=65 i=2.616e+04) 13 11 9 7 5 3 1 2 1 3 4 3 5 12 11 13 10 9 11 8 7 9 6 5 7 4 3 5 2 1 3 0 1 8 7 9 6 5 7 10 9 11 8 7 9 6 5 7 4 3 5 2 1 3 4 3 5 6 5 7 12 11 13 10 9 11 8 7 9 6 5 7 4 3 5 2 1 3 10 9 11 8 7 9 12 11 13 10 9 11 8 7 9 6 5 7 4 3 5 6 5 7 8 7 9
[0.013786s] A=39 K=65 i=2.6346e+04) 13 11 9 7 5 3 1 2 1 3 4 3 5 10 9 11 8 7 9 6 5 7 4 3 5 2 1 3 8 7 9 6 5 7 12 11 13 10 9 11 8 7 9 6 5 7 4 3 5 2 1 3 0 1 12 11 13 10 9 11 8 7 9 6 5 7 4 3 5 2 1 3 4 3 5 6 5 7 8 7 9 10 9 11 8 7 9 6 5 7 4 3 5 12 11 13 10 9 11 8 7 9 6 5 7
[0.013932s] A=39 K=65 i=2.6575e+04) 13 11 9 7 5 3 1 2 1 3 4 3 5 10 9 11 8 7 9 6 5 7 4 3 5 8 7 9 6 5 7 10 9 11 12 11 13 10 9 11 8 7 9 6 5 7 4 3 5 2 1 3 0 1 2 1 3 4 3 5 6 5 7 8 7 9 10 9 11 12 11 13 10 9 11 8 7 9 6 5 7 4 3 5 2 1 3 6 5 7 4 3 5 8 7 9 6 5 7 10 9 11 8 7 9
[0.014080s] A=39 K=65 i=2.6739e+04) 13 11 9 7 5 3 1 2 1 3 4 3 5 8 7 9 6 5 7 4 3 5 2 1 3 10 9 11 8 7 9 6 5 7 4 3 5 10 9 11 8 7 9 6 5 7 12 11 13 10 9 11 8 7 9 6 5 7 4 3 5 2 1 3 0 1 2 1 3 4 3 5 6 5 7 8 7 9 10 9 11 12 11 13 10 9 11 8 7 9 6 5 7 4 3 5 2 1 3 6 5 7 8 7 9
[0.014224s] A=39 K=65 i=2.6866e+04) 13 11 9 7 5 3 1 2 1 3 4 3 5 8 7 9 6 5 7 4 3 5 10 9 11 8 7 9 6 5 7 12 11 13 10 9 11 8 7 9 6 5 7 4 3 5 2 1 3 0 1 4 3 5 2 1 3 12 11 13 10 9 11 8 7 9 6 5 7 4 3 5 2 1 3 6 5 7 8 7 9 10 9 11 8 7 9 6 5 7 4 3 5 6 5 7 12 11 13 10 9 11 8 7 9
[0.014370s] A=39 K=65 i=2.7013e+04) 13 11 9 7 5 3 1 2 1 3 4 3 5 8 7 9 6 5 7 12 11 13 10 9 11 8 7 9 6 5 7 4 3 5 2 1 3 0 1 10 9 11 8 7 9 6 5 7 4 3 5 2 1 3 4 3 5 6 5 7 8 7 9 12 11 13 10 9 11 8 7 9 6 5 7 4 3 5 2 1 3 12 11 13 10 9 11 8 7 9 6 5 7 4 3 5 6 5 7 10 9 11 8 7 9
[0.014518s] A=39 K=65 i=2.7534e+04) 13 11 9 7 5 3 1 2 1 3 4 3 5 6 5 7 4 3 5 2 1 3 8 7 9 6 5 7 10 9 11 8 7 9 12 11 13 10 9 11 8 7 9 6 5 7 4 3 5 2 1 3 0 1 6 5 7 4 3 5 2 1 3 4 3 5 8 7 9 6 5 7 8 7 9 10 9 11 12 11 13 10 9 11 8 7 9 6 5 7 4 3 5 2 1 3 8 7 9 6 5 7 4 3 5
[0.014667s] A=39 K=65 i=2.7982e+04) 13 11 9 7 5 3 1 2 1 3 4 3 5 6 5 7 4 3 5 8 7 9 6 5 7 10 9 11 8 7 9 12 11 13 10 9 11 8 7 9 6 5 7 4 3 5 2 1 3 0 1 2 1 3 4 3 5 6 5 7 4 3 5 2 1 3 8 7 9 6 5 7 10 9 11 8 7 9 12 11 13 10 9 11 8 7 9 6 5 7 4 3 5 2 1 3 6 5 7 4 3 5 8 7 9
[0.014813s] A=39 K=65 i=2.8212e+04) 13 11 9 7 5 3 1 2 1 3 4 3 5 6 5 7 4 3 5 8 7 9 10 9 11 8 7 9 6 5 7 12 11 13 10 9 11 8 7 9 6 5 7 4 3 5 2 1 3 0 1 4 3 5 2 1 3 6 5 7 4 3 5 10 9 11 8 7 9 6 5 7 8 7 9 10 9 11 12 11 13 10 9 11 8 7 9 6 5 7 4 3 5 2 1 3 4 3 5 6 5 7 8 7 9
[0.014958s] A=39 K=65 i=2.841e+04) 13 11 9 7 5 3 1 2 1 3 4 3 5 6 5 7 12 11 13 10 9 11 8 7 9 6 5 7 4 3 5 2 1 3 0 1 10 9 11 8 7 9 6 5 7 4 3 5 2 1 3 4 3 5 8 7 9 6 5 7 12 11 13 10 9 11 8 7 9 6 5 7 4 3 5 2 1 3 4 3 5 10 9 11 8 7 9 6 5 7 12 11 13 10 9 11 8 7 9 6 5 7 4 3 5
[0.015106s] A=39 K=65 i=2.8839e+04) 13 11 9 7 5 3 1 2 1 3 4 3 5 6 5 7 10 9 11 8 7 9 12 11 13 10 9 11 8 7 9 6 5 7 4 3 5 2 1 3 0 1 6 5 7 4 3 5 2 1 3 8 7 9 12 11 13 10 9 11 8 7 9 6 5 7 4 3 5 2 1 3 6 5 7 4 3 5 8 7 9 10 9 11 8 7 9 6 5 7 4 3 5 12 11 13 10 9 11 8 7 9 6 5 7
[0.015252s] A=39 K=65 i=2.9041e+04) 13 11 9 7 5 3 1 2 1 3 4 3 5 6 5 7 8 7 9 6 5 7 4 3 5 2 1 3 10 9 11 8 7 9 6 5 7 4 3 5 12 11 13 10 9 11 8 7 9 6 5 7 4 3 5 2 1 3 0 1 2 1 3 4 3 5 10 9 11 8 7 9 6 5 7 4 3 5 8 7 9 6 5 7 10 9 11 12 11 13 10 9 11 8 7 9 6 5 7 4 3 5 2 1 3
[0.015400s] A=39 K=65 i=2.9438e+04) 13 11 9 7 5 3 1 2 1 3 4 3 5 6 5 7 8 7 9 6 5 7 4 3 5 10 9 11 12 11 13 10 9 11 8 7 9 6 5 7 4 3 5 2 1 3 0 1 2 1 3 4 3 5 8 7 9 6 5 7 4 3 5 2 1 3 10 9 11 8 7 9 6 5 7 4 3 5 10 9 11 8 7 9 6 5 7 12 11 13 10 9 11 8 7 9 6 5 7 4 3 5 2 1 3
[0.015549s] A=39 K=65 i=2.9895e+04) 13 11 9 7 5 3 1 2 1 3 4 3 5 6 5 7 8 7 9 10 9 11 8 7 9 6 5 7 4 3 5 12 11 13 10 9 11 8 7 9 6 5 7 4 3 5 2 1 3 0 1 2 1 3 4 3 5 6 5 7 4 3 5 8 7 9 10 9 11 8 7 9 6 5 7 12 11 13 10 9 11 8 7 9 6 5 7 4 3 5 2 1 3 4 3 5 6 5 7 10 9 11 8 7 9
[0.015696s] A=39 K=65 i=3.0105e+04) 13 11 9 7 5 3 1 2 1 3 4 3 5 6 5 7 8 7 9 10 9 11 12 11 13 10 9 11 8 7 9 6 5 7 4 3 5 2 1 3 0 1 6 5 7 4 3 5 2 1 3 8 7 9 6 5 7 4 3 5 2 1 3 10 9 11 8 7 9 6 5 7 4 3 5 8 7 9 10 9 11 12 11 13 10 9 11 8 7 9 6 5 7 4 3 5 2 1 3 8 7 9 6 5 7
[0.015843s] A=39 K=65 i=3.0358e+04) 13 11 9 7 5 3 1 2 1 3 4 3 5 6 5 7 8 7 9 10 9 11 12 11 13 10 9 11 8 7 9 6 5 7 4 3 5 2 1 3 0 1 2 1 3 6 5 7 4 3 5 8 7 9 6 5 7 4 3 5 2 1 3 8 7 9 10 9 11 12 11 13 10 9 11 8 7 9 6 5 7 4 3 5 2 1 3 8 7 9 6 5 7 4 3 5 10 9 11 8 7 9 6 5 7
