P21-3eys1dy0eo195 E21-3eys1dy0eo195 ) 19 17 15 13 11 9 7 5 3 1 2 1 3 4 3 5 6 5 7 4 3 5 2 1 3 8 7 9 6 5 7 4 3 5 10 9 11 8 7 9 6 5 7 12 11 13 10 9 11 8 7 9 14 13 15 12 11 13 16 15 17 14 13 15 12 11 13 10 9 11 18 17 19 16 15 17 14 13 15 12 11 13 10 9 11 8 7 9 6 5 7 4 3 5 2 1 3 0 1 8 7 9 6 5 7 4 3 5 2 1 3 4 3 5 6 5 7 10 9 11 8 7 9 6 5 7 4 3 5 14 13 15 12 11 13 10 9 11 8 7 9 12 11 13 10 9 11 14 13 15 16 15 17 18 17 19 16 15 17 14 13 15 12 11 13 10 9 11 8 7 9 6 5 7 4 3 5 2 1 3 14 13 15 12 11 13 10 9 11 8 7 9 6 5 7 4 3 5 6 5 7 8 7 9 12 11 13 10 9 11
P21-3gsrh3sjait1t E21-3gsrh3sjait1t ) 19 17 15 13 11 9 7 5 3 1 2 1 3 4 3 5 6 5 7 4 3 5 2 1 3 8 7 9 6 5 7 4 3 5 10 9 11 8 7 9 6 5 7 12 11 13 10 9 11 14 13 15 12 11 13 16 15 17 14 13 15 12 11 13 10 9 11 8 7 9 6 5 7 4 3 5 10 9 11 8 7 9 18 17 19 16 15 17 14 13 15 12 11 13 10 9 11 8 7 9 6 5 7 4 3 5 2 1 3 0 1 2 1 3 4 3 5 6 5 7 4 3 5 8 7 9 6 5 7 14 13 15 12 11 13 10 9 11 8 7 9 12 11 13 10 9 11 14 13 15 16 15 17 18 17 19 16 15 17 14 13 15 12 11 13 10 9 11 8 7 9 6 5 7 4 3 5 2 1 3 14 13 15 12 11 13 10 9 11 8 7 9 6 5 7 4 3 5 6 5 7 8 7 9 12 11 13 10 9 11
P21-3ip8x8zug58f5 E21-3ip8x8zug58f5 ) 19 17 15 13 11 9 7 5 3 1 2 1 3 4 3 5 6 5 7 4 3 5 2 1 3 8 7 9 6 5 7 4 3 5 10 9 11 8 7 9 12 11 13 10 9 11 8 7 9 6 5 7 14 13 15 12 11 13 10 9 11 16 15 17 14 13 15 18 17 19 16 15 17 14 13 15 12 11 13 10 9 11 8 7 9 6 5 7 4 3 5 2 1 3 0 1 2 1 3 4 3 5 6 5 7 8 7 9 10 9 11 12 11 13 10 9 11 8 7 9 6 5 7 4 3 5 2 1 3 6 5 7 4 3 5 14 13 15 12 11 13 10 9 11 8 7 9 16 15 17 14 13 15 12 11 13 10 9 11 8 7 9 6 5 7 18 17 19 16 15 17 14 13 15 12 11 13 10 9 11 8 7 9 6 5 7 4 3 5 2 1 3 4 3 5 6 5 7 14 13 15 12 11 13 10 9 11 8 7 9
P21-cnujdxs9gsz1 E21-cnujdxs9gsz1 ) 19 17 15 13 11 9 7 5 3 1 2 1 3 4 3 5 6 5 7 4 3 5 2 1 3 8 7 9 6 5 7 4 3 5 10 9 11 8 7 9 12 11 13 10 9 11 14 13 15 12 11 13 16 15 17 14 13 15 12 11 13 10 9 11 8 7 9 6 5 7 8 7 9 10 9 11 18 17 19 16 15 17 14 13 15 12 11 13 10 9 11 8 7 9 6 5 7 4 3 5 2 1 3 0 1 4 3 5 2 1 3 8 7 9 6 5 7 4 3 5 6 5 7 8 7 9 10 9 11 12 11 13 10 9 11 14 13 15 16 15 17 14 13 15 12 11 13 18 17 19 16 15 17 14 13 15 12 11 13 10 9 11 8 7 9 6 5 7 4 3 5 2 1 3 10 9 11 8 7 9 6 5 7 4 3 5 12 11 13 10 9 11 8 7 9 6 5 7 8 7 9 14 13 15 12 11 13 10 9 11
P21-2205uo174nktl E21-2205uo174nktl ) 19 17 15 13 11 9 7 5 3 1 2 1 3 4 3 5 6 5 7 4 3 5 2 1 3 8 7 9 6 5 7 10 9 11 8 7 9 6 5 7 4 3 5 12 11 13 10 9 11 14 13 15 12 11 13 16 15 17 14 13 15 12 11 13 10 9 11 8 7 9 6 5 7 10 9 11 8 7 9 18 17 19 16 15 17 14 13 15 12 11 13 10 9 11 8 7 9 6 5 7 4 3 5 2 1 3 0 1 4 3 5 2 1 3 6 5 7 4 3 5 8 7 9 6 5 7 14 13 15 12 11 13 10 9 11 8 7 9 10 9 11 12 11 13 14 13 15 16 15 17 14 13 15 12 11 13 10 9 11 18 17 19 16 15 17 14 13 15 12 11 13 10 9 11 8 7 9 6 5 7 4 3 5 2 1 3 8 7 9 6 5 7 4 3 5 6 5 7 10 9 11 8 7 9 12 11 13 10 9 11
P21-1mebddez821zh E21-1mebddez821zh ) 19 17 15 13 11 9 7 5 3 1 2 1 3 4 3 5 6 5 7 4 3 5 2 1 3 8 7 9 6 5 7 10 9 11 8 7 9 6 5 7 4 3 5 12 11 13 14 13 15 12 11 13 10 9 11 8 7 9 6 5 7 16 15 17 14 13 15 12 11 13 10 9 11 8 7 9 10 9 11 14 13 15 12 11 13 18 17 19 16 15 17 14 13 15 12 11 13 10 9 11 8 7 9 6 5 7 4 3 5 2 1 3 0 1 6 5 7 4 3 5 2 1 3 4 3 5 6 5 7 8 7 9 6 5 7 10 9 11 8 7 9 12 11 13 10 9 11 14 13 15 16 15 17 18 17 19 16 15 17 14 13 15 12 11 13 10 9 11 8 7 9 6 5 7 4 3 5 2 1 3 14 13 15 12 11 13 10 9 11 8 7 9 6 5 7 4 3 5 6 5 7 8 7 9 12 11 13 10 9 11
P21-3mv4wynpgdfj9 E21-3mv4wynpgdfj9 ) 19 17 15 13 11 9 7 5 3 1 2 1 3 4 3 5 6 5 7 4 3 5 2 1 3 8 7 9 6 5 7 10 9 11 8 7 9 12 11 13 10 9 11 14 13 15 12 11 13 10 9 11 8 7 9 6 5 7 4 3 5 8 7 9 6 5 7 16 15 17 14 13 15 12 11 13 10 9 11 18 17 19 16 15 17 14 13 15 12 11 13 10 9 11 8 7 9 6 5 7 4 3 5 2 1 3 0 1 2 1 3 4 3 5 6 5 7 8 7 9 6 5 7 4 3 5 2 1 3 10 9 11 12 11 13 14 13 15 16 15 17 14 13 15 12 11 13 10 9 11 8 7 9 6 5 7 4 3 5 12 11 13 10 9 11 8 7 9 6 5 7 10 9 11 8 7 9 14 13 15 12 11 13 18 17 19 16 15 17 14 13 15 12 11 13 10 9 11 8 7 9 6 5 7 4 3 5 2 1 3
P21-2167vfh3ce7zh E21-2167vfh3ce7zh ) 19 17 15 13 11 9 7 5 3 1 2 1 3 4 3 5 6 5 7 4 3 5 2 1 3 8 7 9 6 5 7 10 9 11 8 7 9 12 11 13 10 9 11 14 13 15 12 11 13 16 15 17 14 13 15 12 11 13 10 9 11 8 7 9 6 5 7 4 3 5 6 5 7 8 7 9 10 9 11 18 17 19 16 15 17 14 13 15 12 11 13 10 9 11 8 7 9 6 5 7 4 3 5 2 1 3 0 1 2 1 3 4 3 5 6 5 7 8 7 9 10 9 11 12 11 13 10 9 11 14 13 15 16 15 17 14 13 15 12 11 13 18 17 19 16 15 17 14 13 15 12 11 13 10 9 11 8 7 9 6 5 7 4 3 5 2 1 3 6 5 7 4 3 5 8 7 9 10 9 11 8 7 9 6 5 7 4 3 5 12 11 13 10 9 11 8 7 9 6 5 7 14 13 15 12 11 13 10 9 11
P21-nxsre83j2gnp E21-nxsre83j2gnp ) 19 17 15 13 11 9 7 5 3 1 2 1 3 4 3 5 6 5 7 4 3 5 2 1 3 8 7 9 6 5 7 10 9 11 8 7 9 12 11 13 10 9 11 14 13 15 12 11 13 16 15 17 14 13 15 12 11 13 10 9 11 8 7 9 6 5 7 4 3 5 8 7 9 6 5 7 10 9 11 18 17 19 16 15 17 14 13 15 12 11 13 10 9 11 8 7 9 6 5 7 4 3 5 2 1 3 0 1 2 1 3 4 3 5 6 5 7 8 7 9 6 5 7 4 3 5 10 9 11 12 11 13 14 13 15 16 15 17 14 13 15 12 11 13 10 9 11 8 7 9 6 5 7 12 11 13 10 9 11 8 7 9 10 9 11 14 13 15 12 11 13 18 17 19 16 15 17 14 13 15 12 11 13 10 9 11 8 7 9 6 5 7 4 3 5 2 1 3 4 3 5 6 5 7 8 7 9 10 9 11
P21-2dihiygjvcrad E21-2dihiygjvcrad ) 19 17 15 13 11 9 7 5 3 1 2 1 3 4 3 5 6 5 7 4 3 5 2 1 3 8 7 9 6 5 7 10 9 11 8 7 9 12 11 13 10 9 11 14 13 15 12 11 13 16 15 17 14 13 15 12 11 13 10 9 11 8 7 9 6 5 7 4 3 5 8 7 9 6 5 7 10 9 11 18 17 19 16 15 17 14 13 15 12 11 13 10 9 11 8 7 9 6 5 7 4 3 5 2 1 3 0 1 2 1 3 4 3 5 6 5 7 8 7 9 10 9 11 12 11 13 10 9 11 14 13 15 12 11 13 16 15 17 14 13 15 18 17 19 16 15 17 14 13 15 12 11 13 10 9 11 8 7 9 6 5 7 4 3 5 2 1 3 6 5 7 4 3 5 8 7 9 10 9 11 8 7 9 6 5 7 12 11 13 10 9 11 8 7 9 6 5 7 4 3 5 14 13 15 12 11 13 10 9 11
P21-3iun234a3wtx9 E21-2j0rbc2gosuvt ) 19 17 15 13 11 9 7 5 3 1 2 1 3 4 3 5 6 5 7 4 3 5 2 1 3 8 7 9 6 5 7 10 9 11 8 7 9 12 11 13 16 15 17 14 13 15 12 11 13 10 9 11 8 7 9 6 5 7 4 3 5 18 17 19 16 15 17 14 13 15 12 11 13 10 9 11 8 7 9 6 5 7 4 3 5 2 1 3 0 1 2 1 3 4 3 5 10 9 11 8 7 9 6 5 7 14 13 15 12 11 13 10 9 11 8 7 9 6 5 7 4 3 5 18 17 19 16 15 17 14 13 15 12 11 13 10 9 11 8 7 9 6 5 7 4 3 5 2 1 3 12 11 13 14 13 15 16 15 17 14 13 15 12 11 13 10 9 11 8 7 9 6 5 7 4 3 5 10 9 11 12 11 13 18 17 19 16 15 17 14 13 15 12 11 13 10 9 11 8 7 9 6 5 7 8 7 9 10 9 11
P21-2wyxe08jij93p E21-7iixjfw7ss11 ) 19 17 15 13 11 9 7 5 3 1 2 1 3 4 3 5 6 5 7 4 3 5 2 1 3 8 7 9 6 5 7 10 9 11 8 7 9 12 11 13 16 15 17 14 13 15 12 11 13 10 9 11 18 17 19 16 15 17 14 13 15 12 11 13 10 9 11 8 7 9 6 5 7 4 3 5 2 1 3 0 1 8 7 9 6 5 7 4 3 5 2 1 3 4 3 5 10 9 11 8 7 9 6 5 7 14 13 15 12 11 13 10 9 11 8 7 9 6 5 7 4 3 5 18 17 19 16 15 17 14 13 15 12 11 13 10 9 11 8 7 9 6 5 7 4 3 5 2 1 3 12 11 13 10 9 11 14 13 15 16 15 17 14 13 15 12 11 13 10 9 11 8 7 9 6 5 7 4 3 5 18 17 19 16 15 17 14 13 15 12 11 13 10 9 11 8 7 9 6 5 7 8 7 9 12 11 13 10 9 11
P21-2wdhca8g2cjbp E21-15r1f5v1c2w79 ) 19 17 15 13 11 9 7 5 3 1 2 1 3 4 3 5 6 5 7 4 3 5 2 1 3 8 7 9 6 5 7 10 9 11 8 7 9 12 11 13 16 15 17 14 13 15 18 17 19 16 15 17 14 13 15 12 11 13 10 9 11 8 7 9 6 5 7 4 3 5 2 1 3 0 1 12 11 13 10 9 11 8 7 9 6 5 7 4 3 5 2 1 3 4 3 5 10 9 11 8 7 9 6 5 7 14 13 15 12 11 13 10 9 11 8 7 9 6 5 7 4 3 5 18 17 19 16 15 17 14 13 15 12 11 13 10 9 11 8 7 9 6 5 7 4 3 5 2 1 3 12 11 13 14 13 15 16 15 17 14 13 15 12 11 13 10 9 11 8 7 9 6 5 7 4 3 5 12 11 13 10 9 11 18 17 19 16 15 17 14 13 15 12 11 13 10 9 11 8 7 9 6 5 7 8 7 9 10 9 11
P21-1tvpktktnl2it E21-8q9xg4zq8urp ) 19 17 15 13 11 9 7 5 3 1 2 1 3 4 3 5 6 5 7 4 3 5 2 1 3 8 7 9 6 5 7 10 9 11 12 11 13 18 17 19 16 15 17 14 13 15 12 11 13 10 9 11 8 7 9 6 5 7 4 3 5 2 1 3 0 1 10 9 11 8 7 9 16 15 17 14 13 15 12 11 13 10 9 11 8 7 9 6 5 7 4 3 5 2 1 3 4 3 5 6 5 7 8 7 9 14 13 15 12 11 13 10 9 11 8 7 9 6 5 7 4 3 5 12 11 13 10 9 11 18 17 19 16 15 17 14 13 15 12 11 13 10 9 11 8 7 9 6 5 7 4 3 5 2 1 3 16 15 17 14 13 15 18 17 19 16 15 17 14 13 15 12 11 13 10 9 11 8 7 9 6 5 7 4 3 5 12 11 13 10 9 11 8 7 9 6 5 7 8 7 9 14 13 15 12 11 13 10 9 11
P21-1j8e0cikbv3zt E21-3qznr7m1rh2ax ) 19 17 15 13 11 9 7 5 3 1 2 1 3 4 3 5 6 5 7 4 3 5 2 1 3 8 7 9 6 5 7 12 11 13 10 9 11 8 7 9 14 13 15 12 11 13 10 9 11 18 17 19 16 15 17 14 13 15 12 11 13 10 9 11 8 7 9 6 5 7 4 3 5 2 1 3 0 1 6 5 7 8 7 9 10 9 11 16 15 17 14 13 15 12 11 13 10 9 11 8 7 9 6 5 7 4 3 5 2 1 3 6 5 7 4 3 5 18 17 19 16 15 17 14 13 15 12 11 13 10 9 11 8 7 9 6 5 7 4 3 5 2 1 3 8 7 9 10 9 11 12 11 13 14 13 15 12 11 13 10 9 11 16 15 17 18 17 19 16 15 17 14 13 15 12 11 13 10 9 11 8 7 9 6 5 7 4 3 5 8 7 9 6 5 7 10 9 11 8 7 9 14 13 15 12 11 13 10 9 11
P21-2fktyhffn7rs9 E21-223rxay7pom4h ) 19 17 15 13 11 9 7 5 3 1 2 1 3 4 3 5 6 5 7 4 3 5 2 1 3 8 7 9 6 5 7 12 11 13 10 9 11 8 7 9 18 17 19 16 15 17 14 13 15 12 11 13 10 9 11 8 7 9 6 5 7 4 3 5 2 1 3 0 1 14 13 15 12 11 13 10 9 11 16 15 17 14 13 15 12 11 13 10 9 11 8 7 9 6 5 7 4 3 5 2 1 3 8 7 9 6 5 7 4 3 5 6 5 7 10 9 11 8 7 9 10 9 11 12 11 13 18 17 19 16 15 17 14 13 15 12 11 13 10 9 11 8 7 9 6 5 7 4 3 5 2 1 3 16 15 17 14 13 15 12 11 13 10 9 11 18 17 19 16 15 17 14 13 15 12 11 13 10 9 11 8 7 9 6 5 7 4 3 5 8 7 9 6 5 7 10 9 11 8 7 9 14 13 15 12 11 13 10 9 11
P21-w837vcuob3jt E21-w837vcuob3jt ) 19 17 15 13 11 9 7 5 3 1 2 1 3 4 3 5 6 5 7 4 3 5 2 1 3 8 7 9 10 9 11 8 7 9 6 5 7 12 11 13 14 13 15 12 11 13 10 9 11 8 7 9 6 5 7 4 3 5 10 9 11 16 15 17 14 13 15 12 11 13 18 17 19 16 15 17 14 13 15 12 11 13 10 9 11 8 7 9 6 5 7 4 3 5 2 1 3 0 1 2 1 3 4 3 5 8 7 9 6 5 7 10 9 11 8 7 9 6 5 7 4 3 5 2 1 3 12 11 13 10 9 11 16 15 17 14 13 15 12 11 13 10 9 11 8 7 9 6 5 7 4 3 5 8 7 9 14 13 15 12 11 13 10 9 11 16 15 17 18 17 19 16 15 17 14 13 15 12 11 13 10 9 11 8 7 9 6 5 7 4 3 5 2 1 3 8 7 9 6 5 7 14 13 15 12 11 13 10 9 11
P21-2i6kaiahsqyhd E21-37rb67hrdeiz9 ) 19 17 15 13 11 9 7 5 3 1 2 1 3 4 3 5 6 5 7 4 3 5 8 7 9 6 5 7 10 9 11 8 7 9 12 11 13 14 13 15 12 11 13 10 9 11 8 7 9 6 5 7 16 15 17 14 13 15 12 11 13 10 9 11 18 17 19 16 15 17 14 13 15 12 11 13 10 9 11 8 7 9 6 5 7 4 3 5 2 1 3 0 1 4 3 5 2 1 3 6 5 7 8 7 9 6 5 7 4 3 5 2 1 3 10 9 11 16 15 17 14 13 15 12 11 13 10 9 11 8 7 9 6 5 7 4 3 5 8 7 9 6 5 7 14 13 15 12 11 13 10 9 11 8 7 9 12 11 13 10 9 11 14 13 15 16 15 17 18 17 19 16 15 17 14 13 15 12 11 13 10 9 11 8 7 9 6 5 7 4 3 5 2 1 3 6 5 7 8 7 9 14 13 15 12 11 13 10 9 11
